==== Final Evaluation Results ====

-- Train --
eval_loss: 0.03729034587740898
eval_precision: 0.9343097447795824
eval_recall: 0.9647272727272728
eval_f1: 0.949274904758898
eval_accuracy: 0.9885475172861331
eval_runtime: 2890.1729
eval_samples_per_second: 6.438
eval_steps_per_second: 0.805
epoch: 3.0

-- Validation --
eval_loss: 0.1110919937491417
eval_precision: 0.8380790480237994
eval_recall: 0.8666227202812569
eval_f1: 0.852111915307335
eval_accuracy: 0.9683808564654539
eval_runtime: 184.1742
eval_samples_per_second: 10.528
eval_steps_per_second: 1.319
epoch: 3.0

-- Test --
eval_loss: 0.2636575698852539
eval_precision: 0.6877019386106623
eval_recall: 0.786308012006465
eval_f1: 0.7337067758267801
eval_accuracy: 0.9394438255966405
eval_runtime: 535.7795
eval_samples_per_second: 7.951
eval_steps_per_second: 0.995
epoch: 3.0
